0,3.30411350185154,2.4155282099332,2.39833019959123,1.83421867770219,2.81409588537592,0.564165332756176,0.101598776630049,1.87182675470537,3.37972954957713,3.2124456973769,0.73542303375086,1.86724840146132,2.84653568820914,1.03756820158579,2.99103579839665,1.68368725619923,2.13215203138439,2.9733072983494,2.41251844283244,1.66405867153484,1.8426697855619,0.991793567733639,0.616742735869711,2.79101006196789,2.72675233341461,2.26334266390413,2.35997959042698,1.70712195141039,2.16033945196648,2.30464044740708,1.55300333444298,3.05365056970517,0.523754720427776,1.36976241558961,2.58371686697053,0.53087063239643,3.43350217319438,1.51283275560435,0.479074383774299,0.800663038643646,2.69614095338086,2.86658710614568,0.631225682210736,2.26591786820984,1.82696961776324,2.38331015601293,0.0597553925800754,2.09648932214836,1.85395772738712,1.7879001042123,2.09359781725672,1.79697052095335,1.94823949665911,0.419468979929147,2.14818267123926,2.38104101484944,0.882710652761139,0.59877127173336,0.963789213469125,1.92936756062944,2.40134558770403,1.12461618031212,0.627990463423855,0.996945624007981,1.39621773004471,2.40506583341243,1.69239975456387,2.45262380962572,0.588905559157703,3.47837555128213,3.02840324823601,2.0039673144234,0.911980863282052,1.21651622056911,1.80823398975109,0.935099695878531,2.21311444260663,2.96392767364527,1.19476220407587,2.42883850416355,1.34887884118653,0.698195895510634,2.69822594034014,1.8764661379093,3.18338116909828,1.17414477535182,1.79870274407163,2.51429374843835,1.75797245654908,2.50846635634909,2.38895646952788,2.05771496257718,2.26670007648018,1.30983206335817,2.40331882474331,2.87190513913844,2.03935382100871,0.560307918679676,1.11971084262682
3.30411350185154,0,2.06454639827081,1.77481633997902,2.92764272748459,1.592183069946,2.74456332422273,3.30753795983655,1.8775476360457,0.260620449984949,0.104737482693506,3.04341332712711,2.51665097023702,0.542121083496665,2.81155601725203,0.552323220989078,1.92483099469955,1.92304939240365,1.10968132158718,1.2739748086583,2.81893329574336,1.46571898755842,2.93200461179815,2.74814596422652,1.30975994815393,1.51394209196469,2.01958222290923,1.13837591046563,1.6951806858077,1.14932689223943,1.14059192087269,1.83113867450432,0.678383221681427,3.38571672204318,1.9953487146838,2.17863532945941,3.0003983083668,1.02265691814609,2.1567003698841,3.74404202086705,2.72946700061861,2.44451575525523,0.946171922789185,3.16078498379265,1.41355060798879,1.57433488365964,1.95693869159337,3.26372563915933,1.43666555629011,1.54169793516918,2.49555596458758,1.36904571011768,1.87479577398648,1.45959681274243,3.71016795747415,1.19165172513691,0.946011725148444,2.74528205151664,3.39098673102895,2.9422445899788,2.09968276916977,1.13161846950085,2.79136991542313,2.91460598512744,3.18011701554566,1.94988116674022,2.3488495246488,2.41581020897189,2.35462564141456,2.71522087553694,0.691778190261684,1.19383677032722,1.39387277181589,3.18345931216012,2.90603644722714,2.87731691689138,2.80513802949916,1.56536893446654,0.374568326475809,2.8986576262568,2.94511081742424,2.42018738784706,2.63085197762443,0.625219792280175,1.81032807593266,1.14380714218405,2.23590048046656,2.46583619961255,2.68169550226923,1.61714412716693,0.81090423173772,2.34025489315744,2.38637379746492,1.36517762087705,2.00859267977041,2.91700034242985,1.5729234942706,2.28215470648075,2.90640113501262,2.94659823935262
2.4155282099332,2.06454639827081,0,2.76027130904181,1.03214706805492,0.595982710085237,2.05728674301955,2.35511029545124,0.663511933980844,1.93885812545064,2.04040575936098,2.6633566663128,2.99240931828094,1.55404926549246,2.66046818391608,2.21186868350061,2.25803681634335,0.348718722785528,1.04812409381381,0.837046850222272,1.02492787028176,1.58849537385667,1.53348712668092,1.82785795014235,0.799617278003578,0.603095110166353,0.16590681573849,1.05278593110134,1.12266676669016,1.61785568105386,1.99530175525253,1.90704013080718,1.42467998134207,2.16647918583039,1.90065183036848,0.204938393253756,2.47090355487355,1.46905411904966,0.935382536257157,2.88337235299173,2.37565932206176,3.46783708712068,1.13580645192773,2.69738950457909,2.29855192843899,1.10702477479498,2.89993066391878,2.35645818350933,2.12042420550246,1.11708497080518,0.717778078291641,1.00895351762565,2.32181524819486,1.91686428096768,2.80619383322146,1.75462120815904,1.41415907891765,2.46903854403982,2.84945843255059,1.55871465871269,2.67741738072483,2.12779904163653,1.36323086418812,1.79736711938683,1.70729317016256,1.83921909986452,3.21901770478505,0.755623227493013,3.2536030583657,1.99153236116641,1.72787736752557,1.02066176503054,1.89519293778561,1.76058012632675,1.36639951271048,0.998268324386675,2.57661159492118,0.619822733819274,1.72727588921897,1.37584208403389,0.882856679973752,1.06708822404102,2.06250692760821,1.82996125768641,2.33055219099626,1.16995995300721,1.35586206129982,2.9025404511084,0.620376918956782,1.85566896788682,1.75197275087149,3.20224133695961,3.01794649686415,2.24431696182832,1.75631319308057,0.8561349706124,0.650441091718493,0.413144314924852,2.38067371909983,2.83967657675338
2.39833019959123,1.77481633997902,2.76027130904181,0,3.103345045802,2.63969030922301,1.90086850174229,2.45443046343585,2.17430099156162,2.00387573899923,1.67458010268734,1.81410013478173,0.840109894196947,1.71314714067883,1.48723347938079,1.22775547388511,0.745099781124479,2.43931821060334,2.36659191628425,2.03344803403138,2.91895109900385,1.18599589848986,2.61418611657724,2.10293003133705,2.39553123231484,2.51755111925658,2.62113091626042,1.8035055614026,1.70211527736936,1.16588514588626,0.823047063940161,1.03659944729565,2.08284240543209,2.73889595998445,1.17822757966074,2.95532661452147,1.90723975204763,2.58625230506114,2.16881175549826,2.69332502642453,1.60819942941534,0.738741161648663,2.1480187593402,1.95746980529092,0.476442529249009,1.67500940916385,0.183293585025119,2.38718951309219,0.63987116634994,1.65797295178186,2.72004016209946,1.75697468401853,0.628090892724744,0.850949243349196,2.70247791356029,1.02244777059934,1.46468368799254,1.55128173905823,2.17993581105565,2.60664037002345,0.507614961336729,0.732040457327756,2.56320575343259,2.35731175956821,2.83436169293217,1.19869735974775,0.577713989761242,2.58425064145457,0.589479992904542,1.91843861577587,2.36801909172236,2.47063139727211,0.865900602426691,2.78991118525892,2.72705783646971,3.04931174378538,1.54559013628792,2.150485680168,1.67223383871513,2.70734814208439,3.44225198205656,2.33649519883398,1.74662292100119,1.28769308466664,0.561878189286245,2.5324405931694,1.90063405371215,0.827133329061741,3.29628722945835,0.963010306685359,1.20603195496201,0.567751853726075,0.655339228394831,0.536116449823862,1.32934739121649,3.40828723957559,2.66213531623002,2.69776638011727,1.84863307139255,1.54073200625822
1.83421867770219,2.92764272748459,1.03214706805492,3.103345045802,0,1.62421518833211,1.7107284014619,1.74619669856845,1.07296860708696,2.85419380637333,2.88001397302306,2.33536828831572,3.05138464105295,2.3869333305571,2.46304239188912,2.93132285132427,2.43150253165398,1.01846551750249,2.03838973015916,1.65785126779817,0.198578183239992,1.96180321784194,0.84396880132396,1.40647198061002,1.78819909892504,1.61201931045201,0.98073620767492,1.79804448853506,1.44910174596087,2.14389094463999,2.49987933351219,2.08485186554232,2.35881831508825,1.42132372624848,1.98726624253264,1.08310926642173,2.10025490420421,2.48603149349011,0.939421544313662,2.23559049928269,2.13625825404566,3.71390864597549,2.07522517382071,2.31365382870299,2.71184435763542,1.52313586712133,3.19697126698703,1.77651106572784,2.50571063552148,1.55164794262905,0.436458782469252,1.61282798047791,2.530472880611,2.28130867733063,2.1447568016233,2.24560783894528,2.08840454052403,2.24899441549407,2.39074538499603,0.871595905266222,2.85244852260282,2.64022280990961,0.738048501177385,1.23682880213053,0.885756932214461,1.94574233654192,3.4282299078905,0.544578793105954,3.47104931770562,1.64464056881936,2.71242573524102,2.02911937106368,2.28978328722408,0.964723327633694,0.618688234880541,0.0549786851992078,2.35600308281541,1.36341059640245,2.55985749512059,0.641238621682629,0.60104125401115,0.780462837130929,1.79248147009316,2.53745542065307,2.57143283523756,2.18591502299663,1.24200789238788,2.95986457987588,0.760671427222724,2.14207130057474,2.40189320060717,3.41022989527858,3.14799931742478,2.67163358148434,1.82155631330697,0.57901584002685,1.68049662544565,0.669511971572536,2.03606283828173,2.6269733469166
2.81409588537592,1.592183069946,0.595982710085237,2.63969030922301,1.62421518833211,0,2.37711881631572,2.76830675689751,0.942492302364068,1.42516661348229,1.5897056895656,2.93219093446525,3.03419950556438,1.14508943755748,2.86336086980878,1.85279819493543,2.28302423928625,0.709916925195002,0.495771590432419,0.613702024332874,1.59954343352733,1.56814688962265,2.02880056927822,2.20103745391552,0.288290601434233,0.123401064059139,0.656785283244806,0.837261077350938,1.24639909059481,1.47800011352765,1.82281971168526,1.96731171124209,0.917400830641912,2.64234985340216,2.01608165130007,0.627869843895147,2.77166154974097,0.876260871451995,1.30412405356262,3.29224627831819,2.6190837564481,3.37486576051462,0.65003290826561,2.99155988369051,2.16327883906463,1.17249137351004,2.80116598411172,2.75743572015088,2.0208563861527,1.16542846631202,1.27366362979481,0.953982587574319,2.31929591313945,1.85430333459139,3.22368366056191,1.62160225862226,1.18219237666718,2.69605738697447,3.17228797580683,2.05119914490309,2.66862599994138,1.93642853803032,1.85701952157449,2.22744608603136,2.23002517816269,1.95103666548823,3.15934026396848,1.2749713657747,3.18728568490618,2.31735684521215,1.15779379083605,0.442629433946467,1.81427084699805,2.27281773631643,1.8918866923894,1.5877561425345,2.79674268162792,0.636393716774631,1.3028541169317,1.89724708791433,1.43877952762074,1.50975795434537,2.34652361803438,1.51088242697544,2.30698679830755,0.579915864250448,1.66394677853189,2.95024056843636,1.14711028441081,1.85361124656291,1.49108999640325,3.14408945420688,3.01629051818312,2.1038913200569,1.90337404430548,1.4164573101096,0.0602991732239579,0.974154202544711,2.67491446879672,3.04022288665288
0.564165332756176,2.74456332422273,2.05728674301955,1.90086850174229,1.7107284014619,2.37711881631572,0,0.586538582633895,1.44587458126951,2.82788419548188,2.65176859357071,0.632976092890529,1.5002950168342,2.29798459527348,0.769472810747429,2.42714835041376,1.16374255077262,1.73871599356191,2.47931572838633,1.91730300843109,1.5166651324958,1.28056602196847,0.924132324993583,0.308930405560941,2.31710586977659,2.27862254599753,1.89496813481772,1.83894615866375,1.19478213019204,1.59828253326622,1.74303779474147,0.995223889389162,2.52339021480819,0.840949406978161,0.811805486084208,2.24470511948889,0.416245447550179,2.92713271751293,1.12204126730909,1.00409984058317,0.443185547778985,2.29324578822918,2.35458596935797,0.643004275621164,1.72241873090714,1.3083549794948,1.91051014975348,0.531044199665247,1.54476966343907,1.33243426138835,1.53371003240265,1.5782499580192,1.28037553983653,1.38778707499014,0.965803528017483,1.58404088736454,1.83019271483972,0.557487842610186,0.797605861276184,0.903227097387448,1.46785067857948,1.84303878440809,0.978587152128457,0.543626905160267,1.06450464160991,0.834437930980583,1.99539617318677,1.41117941982737,2.04286116526651,0.068344967301622,2.94703182683704,2.54321957688598,1.44224879907587,0.995756337081679,1.12562554107155,1.67104591778091,0.657727282748609,1.75147000864897,2.4094014470108,1.10137712782292,2.26083408187968,1.04100862971055,0.154299549948019,2.13556273117499,1.35621597394852,2.6922760145958,0.71548196928908,1.41823167456922,2.28011021137874,1.19648548186942,1.94570833142229,1.97810309092418,1.65972217805391,1.71881838797187,0.745667815989257,2.23083720601259,2.43207128035947,1.72802996921481,0.334093034861115,0.922399986169948
0.101598776630049,3.30753795983655,2.35511029545124,2.45443046343585,1.74619669856845,2.76830675689751,0.586538582633895,0,1.82761692440341,3.37553671519763,3.21749198565083,0.828070677564139,1.94639730893117,2.84057971815467,1.12177897303122,3.00921528806611,1.73140264166712,2.07958798660945,2.94280936759366,2.38394323943384,1.57933096100835,1.85191403258619,0.906545744678096,0.585995497819316,2.75483295933117,2.68391139641954,2.20538492618266,2.34091933472205,1.68770235184074,2.16886364831051,2.32871076071127,1.58171566333716,3.03706072678565,0.42238423126316,1.3982709109062,2.51940397056899,0.614393238013132,3.40643250368379,1.46450033164185,0.528411912881916,0.869601755855601,2.77223236727463,2.8426502355224,0.728776627227962,2.30467662292892,1.80914880916303,2.44564718349363,0.0717803532324323,2.13016998966907,1.83712885297794,1.71489843148076,2.07325801191547,1.84609277631318,1.97405264123621,0.455435440305974,2.16340954578988,2.37757121936052,0.957897367313608,0.7001273650661,0.878363688509035,1.99310204884176,2.42956414180726,1.04556567034761,0.55909328592656,0.900212685184668,1.42048508429351,2.47954186560192,1.62389705865575,2.52718334737164,0.600038744045895,3.46168513218981,2.9949944608426,2.02796984866457,0.815127793200715,1.13015035151244,1.72163922423027,1.01672778694247,2.17558156442468,2.96244343407202,1.108917794157,2.34284853054432,1.28818234241164,0.730641411396002,2.70723219818039,1.92454188809889,3.15151878663352,1.14539491121145,1.87575190953409,2.43532980192276,1.78244450196882,2.51788972239902,2.46320774851615,2.1331319549022,2.30295656401603,1.32717709818984,2.31785225832346,2.8266382849311,1.97298664440915,0.633157759183705,1.21105672670713
1.87182675470537,1.8775476360457,0.663511933980844,2.17430099156162,1.07296860708696,0.942492302364068,1.44587458126951,1.82761692440341,0,1.83454664749437,1.82206592301136,2.02771392499689,2.33803015120563,1.33574397471915,2.00396796027871,1.8588325105192,1.61457405587903,0.315793888329095,1.15941166106719,0.649336619165665,0.945056364500377,0.98843203853565,1.14918245185087,1.2586164191584,0.94375835857275,0.856439970788606,0.499493398587081,0.739186645448909,0.480447074540302,1.10219742596899,1.47489192641252,1.25832010304462,1.37414765667585,1.72865731413121,1.23999301306153,0.867579456263717,1.85012532371845,1.63464934259738,0.369022742799108,2.35025390018854,1.72883404082892,2.85639953868859,1.11689699664504,2.07404585305834,1.73530497639975,0.501660197616284,2.29902465464385,1.81537529814435,1.54088695336919,0.522575760293974,0.636943057668959,0.540044760204199,1.68707871058652,1.32353617456504,2.28271212336313,1.22047715868103,1.01558848547913,1.81762622356833,2.24344331074658,1.16734400668676,2.03987326636382,1.61464269159069,0.984690669952876,1.29431261507512,1.37867187414547,1.17956926855743,2.5952001271761,0.540699216686985,2.63226696061158,1.38378571677137,1.77334708161419,1.19351448755516,1.31434521359914,1.40451945694949,1.06495434321102,1.01972643802843,1.92380887793367,0.373829543221146,1.5046300448084,1.06272549258389,1.27684446273432,0.608445503335316,1.43047963326643,1.46468052918545,1.70421644075156,1.35564262253595,0.730479996314761,2.24738570351916,1.1237560189957,1.23240164834988,1.333439120795,2.57795550512598,2.37472804167226,1.68678547449214,1.09328554222875,1.24320711390709,1.00010104691286,0.526332925789488,1.75587821196106,2.18326295133069
3.37972954957713,0.260620449984949,1.93885812545064,2.00387573899923,2.85419380637333,1.42516661348229,2.82788419548188,3.37553671519763,1.83454664749437,0,0.340978950690517,3.17088950837563,2.71833534365129,0.536854467882067,2.9577388587837,0.79766556250018,2.09135229377159,1.83748312109832,0.930760287941593,1.19945546025519,2.76065432399982,1.56592311949843,2.93326393401826,2.80357731083119,1.15462647346372,1.36100535579105,1.91295679811008,1.10802234252365,1.71899338289534,1.25958809673859,1.31814058146546,1.9601928939103,0.514981937872807,3.42208872917804,2.11379474212592,2.03382732883381,3.11005791441008,0.775785140753302,2.14258762322754,3.83177977527999,2.85086767939018,2.68816364668793,0.803073082130109,3.28194522212521,1.61748373330795,1.59533063500175,2.1869347323008,3.33614424944896,1.61649399782057,1.56388206512683,2.42981604478404,1.36233554357437,2.05202892735513,1.60988580480534,3.79216374192276,1.32673675993621,0.998691196433637,2.87586561112035,3.50856865934255,2.945798069806,2.29989171897609,1.32982723364924,2.78419117260609,2.95150629544273,3.17789235739508,2.06328225796481,2.58066943376047,2.36260088309562,2.58868273353629,2.79314177469831,0.43334081592574,1.00280022867681,1.54413633697935,3.18818215473882,2.88742037660199,2.80599189097157,2.94276366330098,1.4949685313214,0.423001262763105,2.88214581586126,2.82147590307558,2.40674967593802,2.72398740645417,0.780885956319238,1.99280721354368,0.929514952522097,2.27093582374745,2.66263758932703,2.54677037753461,1.75092233121647,0.948722773815788,2.57131156983357,2.59925973532417,1.56538055598355,2.10794130474907,2.79498867267017,1.3985625688002,2.19447097451987,3.0138064730195,3.10093085473239
3.2124456973769,0.104737482693506,2.04040575936098,1.67458010268734,2.88001397302306,1.5897056895656,2.65176859357071,3.21749198565083,1.82206592301136,0.340978950690517,0,2.94289455171002,2.41244551890068,0.495171138081765,2.70891016154695,0.457689789369547,1.82078647126121,1.88301981829425,1.11765209256478,1.23427320653054,2.7660004211387,1.37169192715689,2.85953281227906,2.66150255086017,1.30382914640258,1.50520645532499,1.98755382874384,1.08403299575087,1.61929398582219,1.05445251066242,1.03627317497624,1.73125151259499,0.688652849452785,3.30307737853621,1.89691422633609,2.16264814297113,2.90256357980646,1.07428549695012,2.09058672286466,3.64970309730887,2.62995839469123,2.34996568201491,0.939889620363911,3.06109785427256,1.30926208486429,1.49982905059672,1.85702864218682,3.17276052895306,1.33210704008689,1.46701312281373,2.44605193767795,1.30440522034713,1.77023241711382,1.35735020990701,3.61695953931716,1.09204008954665,0.867360662691962,2.64448181071679,3.29173015575903,2.86908556081565,1.99532620117596,1.02696554322503,2.72164731377877,2.83233511995098,3.10832807789881,1.85235057807943,2.2495827668369,2.36202135866144,2.2560663479442,2.62357297654503,0.759879935305156,1.20709616607327,1.29171626161396,3.10963383764206,2.83965494336465,2.82899857016226,2.70343225903242,1.52156703992201,0.320599379605761,2.83162869657408,2.91758581473058,2.35314977763109,2.53622824241166,0.525100846584958,1.70563596326851,1.1708157427277,2.15524422129802,2.3613502463811,2.65972462899518,1.51684948921135,0.71255860721847,2.24076035762187,2.28323448906609,1.26066449492622,1.91353463588929,2.88882947390505,1.5742686360188,2.24155561176733,2.80899699454966,2.84317016775786
0.73542303375086,3.04341332712711,2.6633566663128,1.81410013478173,2.33536828831572,2.93219093446525,0.632976092890529,0.828070677564139,2.02771392499689,3.17088950837563,2.94289455171002,0,1.16724669476762,2.66724792109216,0.33665264845784,2.63700102411716,1.19002008346074,2.33307473090356,2.96949953027672,2.41829986017982,2.14364497068788,1.61352246677515,1.52189212317195,0.92939023999528,2.83660899645801,2.82547676528268,2.49876075226766,2.29858726437151,1.69870563909136,1.91151911058083,1.93697053695233,1.21292967142918,2.94410531487642,1.23596756656097,1.05833536072771,2.85619204604892,0.242165391221103,3.39014759247282,1.73105163809025,0.891204818994069,0.326697424256704,2.00146008927746,2.81777042566888,0.143768346755445,1.79881676696889,1.79514069767319,1.76240571473441,0.758166801220401,1.67313052149452,1.81247538389259,2.16596232724641,2.05836698510848,1.28469818400007,1.59053553742925,0.916085104199231,1.85216739484655,2.20516637310016,0.299551996260887,0.370629415790985,1.49790070967647,1.31292856518438,2.00018049390472,1.59838057882261,1.12122818052741,1.61631047972504,1.11219007874143,1.7199782188514,2.04180751479864,1.76666686335623,0.701200623866203,3.35715513476602,3.04462018264095,1.6551134180812,1.53725280142018,1.73591941003939,2.29758244794017,0.269669812554605,2.29652622752738,2.7483380088493,1.71177004049473,2.8927045739604,1.67154479303237,0.600894836226267,2.41821574205438,1.36628199451972,3.18303490135377,1.30755303539471,1.10994677476612,2.9120069339348,1.42628385205322,2.23379879792614,1.70508788125771,1.37254181798151,1.81659121006742,1.09290684257934,2.86293371541769,2.98392489478774,2.35159654234036,0.300181261661222,0.384814045073564
1.86724840146132,2.51665097023702,2.99240931828094,0.840109894196947,3.05138464105295,3.03419950556438,1.5002950168342,1.94639730893117,2.33803015120563,2.71833534365129,2.41244551890068,1.16724669476762,0,2.33011662371402,0.836039081813764,1.99601021999787,0.751266106385197,2.6454481034527,2.87704364744056,2.42658955737009,2.85376124281973,1.4662999715448,2.38090908888656,1.7804058429525,2.83950115514577,2.9117714035908,2.8332151389597,2.22486730402624,1.87001515091606,1.6199027385322,1.41082067227529,1.08695618250561,2.68394687445409,2.31005958011731,1.10508625996443,3.19718530677363,1.33686633163648,3.18711586210492,2.1966022795743,2.05114001264451,1.08805474417619,0.834277133876715,2.67383647379028,1.30554389593894,1.10324857609335,1.89964885508309,0.711057681419713,1.87469259546674,1.11940929180669,1.89683621088145,2.74400241189662,2.08199558942362,0.724397886170021,1.21080193993846,2.08213130768693,1.49222638627424,1.96275209058883,0.990017297031284,1.49624648037549,2.36505514449916,0.41849943903116,1.3887817020455,2.38582790543403,2.03539259963175,2.55449923470907,1.16182725891684,0.556627323950926,2.60364119741377,0.602276733764555,1.54436558407312,3.03092464464133,2.97453400051121,1.26527468957101,2.49074247610896,2.54922223255929,3.00215588590031,0.932739846162652,2.44613779062847,2.33677769357527,2.52611014211305,3.5055896550741,2.27740481474023,1.36054986326217,1.94724118122811,0.756711147175996,3.07057856935775,1.81560066131015,0.092208487320274,3.42808134340146,1.1808600080119,1.80996045757774,0.542887712213155,0.219960630070573,1.15338502622913,1.2645901980015,3.47218625383668,3.0702875621666,2.81460562966675,1.31452956364286,0.813260833076263
2.84653568820914,0.542121083496665,1.55404926549246,1.71314714067883,2.3869333305571,1.14508943755748,2.29798459527348,2.84057971815467,1.33574397471915,0.536854467882067,0.495171138081765,2.66724792109216,2.33011662371402,0,2.47416937334942,0.712548419995522,1.64644836214132,1.38785959044259,0.72145292228225,0.739310960208823,2.27683014473103,1.05386795899895,2.40642760724374,2.26714561091153,0.857180488045417,1.04759590745378,1.49484681101463,0.59678697591004,1.18340500512277,0.765651626474367,0.926174471987691,1.46809972616238,0.36984386960796,2.88592143855717,1.60943487444478,1.68623121792116,2.59303440279565,0.873980496558279,1.62256959754464,3.30204729694645,2.34359102008009,2.44089044184715,0.509938704566273,2.77262416892307,1.2672673944261,1.06002330504804,1.89341687107825,2.80217417608353,1.21084040937646,1.02829270919514,1.95405622687953,0.835954417200732,1.62648735435319,1.15310388582139,3.26046602286198,0.86037886442403,0.468691421992966,2.37653848907538,2.99581349781897,2.41799486968131,1.91607976873106,0.984975946437268,2.2612302817963,2.41513495761313,2.65286023512832,1.5551398261035,2.28386118849135,1.87369713420448,2.30039584279019,2.26139896192806,0.710004206071435,0.823660216959407,1.08981102164785,2.66011091587905,2.37111317846039,2.33630096141415,2.44996449306172,1.02668621425904,0.175099644201685,2.36453562459546,2.42696393525212,1.88675522399167,2.19866307387778,0.431920517361338,1.57877192770001,0.843755948284195,1.73444908295385,2.26424887202911,2.17437984057105,1.26807567602656,0.522482799661813,2.27183058646784,2.24135877431863,1.20853129656272,1.58908657357709,2.39776805663101,1.13971305805208,1.74639040098882,2.49564088513268,2.62620759206813
1.03756820158579,2.81155601725203,2.66046818391608,1.48723347938079,2.46304239188912,2.86336086980878,0.769472810747429,1.12177897303122,2.00396796027871,2.9577388587837,2.70891016154695,0.33665264845784,0.836039081813764,2.47416937334942,0,2.37506272486675,0.908249536257593,2.31810838550072,2.84559661005083,2.31185608944064,2.26607511191459,1.4334856309588,1.69358124521911,1.07737143426342,2.73725893590897,2.7502029250725,2.49456334562266,2.16583968762616,1.61698294440749,1.70897798009028,1.68277501872701,1.0064886237705,2.77515100438806,1.50714584478986,0.883730088794057,2.86031991819801,0.50746765845626,3.2422454375372,1.75137395137411,1.22781767871694,0.328346450108929,1.66989592357786,2.67726705417072,0.47942004087488,1.50875571602899,1.69688536773459,1.4287426956112,1.05008759372418,1.40340052004442,1.70881688767646,2.23921118173893,1.94604243039341,0.99058920257261,1.35226349880582,1.25187531649053,1.63100375587234,2.0248404670814,0.214337980487794,0.693562927824259,1.67267847805812,0.982490476304628,1.73109326159866,1.74089270679232,1.30832095518344,1.82521048431615,0.9458316582637,1.38566024731944,2.10639655992003,1.43258578222646,0.82988091818962,3.17705477983949,2.92808561744446,1.41810966158496,1.75201015792182,1.89235896141617,2.42034642925665,0.113193101933719,2.22905285033876,2.53877537614441,1.86816373175702,2.98956197814264,1.74257262432357,0.670613450531018,2.18865303641648,1.0703101039068,3.05682734537098,1.32435568905798,0.775188573268902,2.97529077456232,1.20852157518867,2.01050862336621,1.37051919393134,1.03768137711527,1.5325608609101,0.965089958490913,2.95816064949543,2.91128337765129,2.38771531206888,0.503784850125421,0.179300906531727
2.99103579839665,0.552323220989078,2.21186868350061,1.22775547388511,2.93132285132427,1.85279819493543,2.42714835041376,3.00921528806611,1.8588325105192,0.79766556250018,0.457689789369547,2.63700102411716,1.99601021999787,0.712548419995522,2.37506272486675,0,1.46856400428437,1.99166657742229,1.43069680545554,1.37489402053111,2.79277095189214,1.17187635441318,2.7766673329216,2.48633822686913,1.56626185914553,1.75011756680124,2.12793533024362,1.17031193342174,1.5476934060549,0.870663807323261,0.701207339467852,1.45164408417746,1.03543880174537,3.14877887041228,1.6305383530292,2.36312876949219,2.62736155490609,1.48848947482048,2.0611273906743,3.40197026550772,2.3391511104215,1.89263195273757,1.22232780521748,2.76422282706149,0.903716647163081,1.44317435026599,1.40873934841595,2.95750815470707,0.971927380986144,1.41106091663524,2.49572921129517,1.31879873030422,1.40030704950317,1.05583121100774,3.37929623215339,0.847810771955164,0.843442480262696,2.33771394688356,2.99806585265938,2.78187188928541,1.58429591305824,0.645452819961801,2.65746485233008,2.68624867008829,3.02621006041751,1.59721240142063,1.79900224292672,2.39207720181976,1.80372105452129,2.40917818280891,1.20300821385294,1.53093828335796,0.994848200205671,3.01506446364676,2.79302196270591,2.87771588505935,2.3838779404108,1.62748125949745,0.580219786732538,2.78140728629989,3.05926650440243,2.31176431819079,2.29682395200302,0.394690054056212,1.32804005535238,1.53119002958795,2.03317065955794,1.95210142256376,2.82793861035691,1.23883413318841,0.542452340614455,1.79083121647595,1.85275772866215,0.863573190232746,1.68223484681542,3.02816427018837,1.85024541584386,2.33781959995341,2.53918647267033,2.4944827134218
1.68368725619923,1.92483099469955,2.25803681634335,0.745099781124479,2.43150253165398,2.28302423928625,1.16374255077262,1.73140264166712,1.61457405587903,2.09135229377159,1.82078647126121,1.19002008346074,0.751266106385197,1.64644836214132,0.908249536257593,1.46856400428437,0,1.91427956942799,2.14086689834608,1.67643838081234,2.23968151562299,0.715582506221152,1.88075176464672,1.35783418434404,2.09200170084735,2.16068217224478,2.10226518329814,1.47882003472873,1.13748360863965,0.898161256370071,0.785234550973734,0.359020748168329,1.98232195717559,1.99737094929312,0.450791461463084,2.4619963921108,1.22761342438342,2.47706636824395,1.52307502442287,2.02323521591375,0.924947151760474,1.28250208896428,1.94405507073584,1.32575170376059,0.609119807905732,1.155845028662,0.788136722875459,1.66673143034575,0.496851410482382,1.15087902392062,2.08057780726454,1.33078452945402,0.117357719075822,0.493739343697107,2.0196689733925,0.786560864874273,1.24010385008631,0.897007104126947,1.55919991856322,1.87165764264904,0.428838179672896,0.823552608755541,1.84179872505795,1.61255972990171,2.0949845129863,0.486187062996973,1.00029452284688,1.94066792901353,1.04171859486769,1.17720432651819,2.3563001898251,2.23600732790032,0.556644139726755,2.04811887281531,2.0071916116305,2.37905860292322,0.926756653025848,1.69798515090783,1.68319379160797,1.98639394448698,2.83113174369443,1.65218480455238,1.01030425885436,1.31145466672703,0.193154679423472,2.33972446512918,1.19734782641975,0.66756420908306,2.72585636830376,0.430538068519493,1.14611335716871,0.982433783679171,0.760529596566956,0.627159115466691,0.613424543066591,2.79723895965654,2.31944881983665,2.11245849763687,1.15468065800669,1.02701364423397
2.13215203138439,1.92304939240365,0.348718722785528,2.43931821060334,1.01846551750249,0.709916925195002,1.73871599356191,2.07958798660945,0.315793888329095,1.83748312109832,1.88301981829425,2.33307473090356,2.6454481034527,1.38785959044259,2.31810838550072,1.99166657742229,1.91427956942799,0,1.0393551673964,0.649250791204521,0.944435238910823,1.25814583995161,1.31893882181032,1.52894320368385,0.795720386909422,0.653041221467927,0.188027829570023,0.822951698498884,0.777101795854546,1.31970312018066,1.69866643298667,1.56133642513408,1.34039869043383,1.93432467763959,1.55204265480209,0.553474026825593,2.14837065844759,1.50497918305879,0.623212805414046,2.60695972775061,2.0389498954253,3.13726768869402,1.05785898890636,2.37379419659123,1.98572631907524,0.770716881529369,2.57306502069449,2.07414783431822,1.80032318367401,0.784015536107316,0.607957787780948,0.713640364428868,1.98113003963053,1.59059092454715,2.53446909934437,1.45046980742944,1.16107331097389,2.12973456241267,2.53525261648184,1.34128361047711,2.3360393589559,1.83510640225721,1.14723024227498,1.52991062315281,1.52341676356657,1.49075101822798,2.88325504731507,0.578324993902179,2.91885180484403,1.67459759486048,1.70212233961605,1.04691776199907,1.57359918598872,1.56404501532492,1.1877924398694,0.971845900914446,2.2365203996074,0.365959195699956,1.56272638656281,1.1918029650044,1.07082848327745,0.803820701648317,1.73343325641118,1.59956733808625,1.9929246165202,1.20950008537418,1.02768312311169,2.55533457793438,0.869100192730643,1.51823762584433,1.49653678018241,2.86628141480692,2.67471611706533,1.93363373973055,1.40770058596402,1.03896502165884,0.770154070364066,0.359126028253227,2.05589332555449,2.49740578133279
2.9733072983494,1.10968132158718,1.04812409381381,2.36659191628425,2.03838973015916,0.495771590432419,2.47931572838633,2.94280936759366,1.15941166106719,0.930760287941593,1.11765209256478,2.96949953027672,2.87704364744056,0.72145292228225,2.84559661005083,1.43069680545554,2.14086689834608,1.0393551673964,0,0.562393477772034,1.98192154460933,1.44225339806632,2.30740020101211,2.358249325518,0.251015953910957,0.446957520198784,1.05961897109403,0.680458608439098,1.28589960836532,1.25935841303857,1.54612416970657,1.87345650439499,0.431348353894695,2.88289975915566,1.96471485608787,1.11584914752944,2.84225906662798,0.475324962480436,1.52320397151852,3.45050903817951,2.64483710033825,3.1044953344193,0.220550686199207,3.04962662741711,1.89732426084572,1.17853775763181,2.53993718628945,2.92050176158472,1.7913602944471,1.158771406463,1.64588190466973,0.911597102240853,2.1527989288354,1.66653699240545,3.39186230552518,1.3940001473703,0.920734617736735,2.70478811653115,3.25153642162892,2.32615028903593,2.48243617112889,1.63745791248049,2.14078109956027,2.43547751662524,2.53164415321279,1.90122580798273,2.91881815493881,1.61372855723618,2.94102168509723,2.42742889532383,0.680159898112103,0.104850006059055,1.61423770885095,2.56165052243533,2.20655700716119,1.99605040779863,2.79599760483833,0.786456295368262,0.856382541454943,2.20738846850189,1.9196301870063,1.7674803733366,2.41881899128454,1.1349580028308,2.12394798680346,0.213825504841779,1.79921620681726,2.80032965604139,1.63424195955853,1.71637811054626,1.16565832108179,2.90510200923342,2.82482309295699,1.83677255301772,1.88640500026673,1.89543920282341,0.467859378077985,1.36952786345779,2.7429975840069,3.01500018111765
2.41251844283244,1.2739748086583,0.837046850222272,2.03344803403138,1.65785126779817,0.613702024332874,1.91730300843109,2.38394323943384,0.649336619165665,1.19945546025519,1.23427320653054,2.41829986017982,2.42658955737009,0.739310960208823,2.31185608944064,1.37489402053111,1.67643838081234,0.649250791204521,0.562393477772034,0,1.56125889446708,0.960929308054822,1.78942151231182,1.7985358792238,0.426480683519702,0.490301622555667,0.759924959274446,0.233676476360801,0.725571927294975,0.868239832716753,1.22442147287083,1.37327312754148,0.725154343956649,2.34119153055693,1.44123883820531,0.995539124496959,2.28403403633453,1.02283740569957,0.992811184731554,2.88912530453376,2.09567404785837,2.76590476690431,0.472919847266782,2.49401073555424,1.55783075074767,0.623164912142167,2.19178232229939,2.36020011891143,1.40909287295357,0.606558249855209,1.23066993933646,0.366060691331249,1.70839168183307,1.24066041688627,2.83145340091463,1.01199861550785,0.598165085176189,2.16094160939198,2.69272227019004,1.8058281265201,2.05610292712804,1.34552874712987,1.62888623065569,1.88600616941629,2.02423282868966,1.37647224345512,2.54656695495176,1.16466850520824,2.57502359168813,1.86510948553828,1.12646944389226,0.628084919269644,1.20070584454416,2.04592458001971,1.71420722607438,1.60870749756986,2.25568598904286,0.295544257016593,0.914366611124502,1.71168808577517,1.69421670349365,1.2494542222785,1.85941063348472,0.994097251842591,1.69420439292339,0.7749870353083,1.23899384381728,2.34397404553419,1.45374451716664,1.24598906920598,0.929588418213908,2.53120560692311,2.40369176237621,1.49921160326569,1.34712679600781,1.66422796248838,0.645170918322657,1.00826811956666,2.1849573673527,2.48490247969196
1.66405867153484,2.81893329574336,1.02492787028176,2.91895109900385,0.198578183239992,1.59954343352733,1.5166651324958,1.57933096100835,0.945056364500377,2.76065432399982,2.7660004211387,2.14364497068788,2.85376124281973,2.27683014473103,2.26607511191459,2.79277095189214,2.23968151562299,0.944435238910823,1.98192154460933,1.56125889446708,0,1.78992756016485,0.672794432380205,1.21425863361442,1.73507864044902,1.57244570225865,0.943391502979628,1.68203754026578,1.28489452030395,1.98634044064523,2.33509573916151,1.89556307670667,2.27630128115605,1.27772430567787,1.79380718862055,1.11188709431617,1.91010245869729,2.44167943505606,0.765868480113441,2.07998357103582,1.9397058177928,3.52162148342666,1.99851731503858,2.12562690359621,2.53561349384136,1.36696603231946,3.00900063992745,1.60553447991296,2.3285230334898,1.39677274613909,0.336477692415922,1.47934461942372,2.34005172540041,2.10435519159963,1.99099138295425,2.0822788923391,1.95313954276751,2.05216871268918,2.20982570634085,0.700967520371364,2.65899782816346,2.47496997943935,0.55120172289977,1.05536794530735,0.753453201174338,1.75356881575,3.234802314346,0.404357210923534,3.27790324171189,1.4501460032481,2.64631867729027,1.98265805582904,2.11558143761905,0.825905467825743,0.450340411934162,0.15448911329439,2.15947104414594,1.26587348634605,2.44748072842413,0.470762373501067,0.765550699228524,0.587499397682846,1.5956789685243,2.40084718528264,2.3827078439798,2.14307260134302,1.04691317535098,2.7623201419146,0.874590238140324,1.95991012651905,2.2577337518406,3.21678664299851,2.95208103024695,2.49704752776189,1.62833356023398,0.739423751076627,1.65801511241802,0.62542201232085,1.84386931399957,2.43083136940414
1.8426697855619,1.46571898755842,1.58849537385667,1.18599589848986,1.96180321784194,1.56814688962265,1.28056602196847,1.85191403258619,0.98843203853565,1.56592311949843,1.37169192715689,1.61352246677515,1.4662999715448,1.05386795899895,1.4334856309588,1.17187635441318,0.715582506221152,1.25814583995161,1.44225339806632,0.960929308054822,1.78992756016485,0,1.63748432587304,1.31525790483896,1.37851065849161,1.44556597999269,1.4426949607205,0.768837084739016,0.52221102420798,0.317729953348259,0.560457458394602,0.434300646626916,1.34172275532065,1.97693656191683,0.556834745313189,1.78841438472147,1.54413484112962,1.81324065679688,1.02422094192818,2.27833445662153,1.28974695760396,1.87986104912593,1.25725084911319,1.71921268756405,0.754835190537544,0.489510756870498,1.31506737696344,1.80458950311593,0.554411067320413,0.474181623782196,1.55596105039217,0.61896631435231,0.753581220286945,0.335107925861378,2.24532902116868,0.330526051144504,0.593371780154171,1.32429882751365,1.9438084353601,1.63917354972221,1.10713355320715,0.6958022317079,1.53815675904486,1.51580426311467,1.88358425451427,0.501333894123977,1.63197051925043,1.42554516167376,1.66574385086474,1.25443348739136,1.74716362925334,1.53352915462001,0.330489539678675,1.86399241245215,1.68836013004639,1.90690580693756,1.40132471020615,0.998876392653621,1.14321033089097,1.67314719064717,2.26005763433487,1.23515021186589,1.16518710210981,0.855672678258376,0.74966566292985,1.64739741230849,0.880756194473407,1.38314671394601,2.11046478129972,0.28547847177252,0.666080638561401,1.6154064944171,1.45403585012472,0.711306225906663,0.543747516240847,2.22617536509511,1.60399724546938,1.51288902495977,1.44799514829429,1.59397368295917
0.991793567733639,2.93200461179815,1.53348712668092,2.61418611657724,0.84396880132396,2.02880056927822,0.924132324993583,0.906545744678096,1.14918245185087,2.93326393401826,2.85953281227906,1.52189212317195,2.38090908888656,2.40642760724374,1.69358124521911,2.7766673329216,1.88075176464672,1.31893882181032,2.30740020101211,1.78942151231182,0.672794432380205,1.63748432587304,0,0.616918629500519,2.08386682527658,1.96735631830175,1.40303602290238,1.82744178542929,1.24283340561969,1.91011623617156,2.19507986392952,1.58437699114613,2.50634013252053,0.636093649381515,1.4362519113119,1.67324317080177,1.28146150460092,2.78270824945793,0.797917433383504,1.41188037902653,1.36650780766248,3.12544010252743,2.2615747654949,1.48556515802533,2.30893425382213,1.36011519204173,2.66873129843864,0.933575890355393,2.1034092666615,1.39301378621893,0.84034545770923,1.57146921370403,1.99380189047194,1.89262338355434,1.32476388562457,1.96525263313977,1.99436897714036,1.48101438735662,1.54920760732605,0.0282662142864711,2.26497739661393,2.32558015131822,0.172039015830615,0.402161150441582,0.249950329275684,1.4168786015366,2.82889596449477,0.777920701477524,2.87491651815263,0.864650550931891,2.915680150165,2.33623267410937,1.92378014460895,0.256652194172372,0.2252831954205,0.816578830956649,1.58181810386247,1.52300294874365,2.56007723254361,0.20305877531265,1.43705632327937,0.54101838897916,1.03692757749721,2.41001048760839,2.05340825392848,2.49940127831017,0.757659378933399,2.2932939964224,1.53443167807679,1.71447615823463,2.23715422291458,2.81098175384097,2.51391672833097,2.28395870234396,1.28680083126943,1.41166778667923,2.08905923810886,1.12694879939859,1.22846752455849,1.8442015840989
